PIDN,Ca,P,pH,SOC,Sand
09gt9UK5,-0.4707890495309859,-0.17815892755055496,-0.5956814525817269,-0.009070694445669353,-0.413310144379417
0BVvxJ6a,0.3701679544992318,-0.01165452576991688,0.6007761985927252,-0.04637668457768851,-0.06333626158538075
0KbdgApg,0.1809517371939331,-0.14737333675047137,0.4867836418516235,-0.1498186545700777,-0.021116185890376338
0MnuuduB,-0.0012484712492522032,0.32721662121624784,-0.007774630422640571,0.975784042183139,-0.313202092077786
0PcIsF9z,-0.3287032220098829,-0.2696952668619833,-0.07183700225818399,-0.49255609605570694,0.00534136378800909
0ShTFLYJ,-0.6722691396859513,-0.6471073775130257,-0.3214674216176341,-0.7747884135261351,-0.33920199199971157
0XZh9jka,0.21760338625785192,0.4551447281401281,-0.10062740192932673,1.1967255214325712,-0.780050350504127
0Y7Wegri,-0.17989138135051586,0.044841905181424724,0.053102989123692844,-0.00296676380929628,0.5972465050253394
0dTqplIM,0.2438526262691636,0.1551706625356425,0.3384623363348773,0.33457419531736177,-0.3625821239713467
0lNiZicC,-0.7318867351383544,-0.6393362295081758,-0.4576256444996851,-0.5909922037657682,-0.5860200932711956
0rGeJ0QN,-0.2723523074326657,0.018480261193532632,-0.08438101215394431,-0.09950835889514442,0.4183687381250049
0sXI9ytQ,-0.2651243440238691,0.19987823068946386,-0.30767345885457975,-0.29258660995358143,1.188198217606323
0ukt4aP6,0.540040517116124,0.0633892370516056,0.5495785363163876,-0.2564891207426183,0.41614900917390524
1AGspb8f,-0.35150379710061186,-0.25089713334541275,-0.16882015412322257,-0.1717543133238193,-0.35295336574174774
1Csy0gvE,-0.2802727590392995,0.023581386777376534,-0.028233904804075144,-0.5220896103926265,1.0088248157513857
1Ic2hly1,-0.20149991735836092,0.1902290575880753,-0.4106902869813125,0.6213094146554266,-0.30770494437533985
1PPbaTwt,-0.3453110765137519,-0.3655597313806723,-0.39628440837301926,-0.19523190379648184,-0.8124307327143898
1SO5VJNy,-0.15698163111091912,0.17326298071947022,0.03525428060412253,-0.1876860861109484,0.9036347820998385
1arHxK3Y,0.6305382921637475,0.3207933848361405,0.4169802125109985,0.5961423213035997,-0.6504922558038222
1fCW4Bba,-0.15566937921726076,0.3964750549902264,-0.47655816366451664,0.8529305030705809,0.022270270465197806
1qDZNvIm,-0.2929908186536152,0.21545712542158146,-0.13681785483040862,-0.2065283521173713,1.184952763447275
28LYJC2V,-0.41213600701421527,-0.13602939832948213,-0.271819568556684,-0.0657853463566278,-0.21334410638768264
2CzACvQq,0.3886093372955186,0.043130054335071555,0.6098837673954486,-0.028437156733463143,0.038118003981930215
2FT3crfv,0.012347443667557467,0.14454469530011915,0.08257783621007622,0.4230354878827134,-0.3689938119194438
2Fy2uHVg,0.541034640903265,-0.38738592323927973,0.21246859991230216,0.5585525984143946,-1.1975523945713455
2MkMEApm,-0.06580628136065769,0.3694396809697239,-0.24756137842175208,0.4995431079332078,0.39638829585543567
2NDGWEOe,0.6596868253346668,0.04364742684597911,0.8214717445791797,-0.16659572315742155,-0.31370804700547616
2NyyCiqn,-0.33544255574149684,0.07963590818717114,-0.14909024551736413,-0.21676404703249208,0.7371467209670499
2QRzIb84,0.43869030021084376,0.15865098934090283,0.654504620451836,0.09825689788506131,0.1692799793859301
2QcbdrUZ,-0.30991350822851227,-0.0011487152962118552,-0.08315576688618695,-0.01127947503074389,0.5920496207899107
2YgAimWK,-0.06020529990912493,0.3020678392266284,-0.2689900255289597,0.5722102716259592,0.08267525392251218
2cx85d9H,0.6047547819939367,-0.16024306481259332,0.6163437465532968,-0.10346900472659251,-0.7864162621754511
2homMXMV,-0.17036453110153627,-0.06859094792138842,0.0678664192188492,-0.348808472756164,0.36417591374588165
2ldLrUtq,-0.27475100138926756,-0.2518250006220043,-0.1052520809856847,-0.09620211759418273,-0.5517440006681266
2nsACW6G,-0.011114643697861748,-0.06155311038041289,-0.21440208639658676,0.5466944332404418,-1.0261119921320743
2yMbVnWc,-0.26702748461558246,0.15476591322162236,-0.47475511131038073,0.6565318185276658,-0.3613183598341491
36r8sgGQ,-0.23551349023246848,-0.03172060511836661,0.03234511847259272,-0.49136378428342864,0.7938832052821603
3NXAXCl3,-0.25060199917089454,-0.18692461026352747,-0.41430245995970494,0.33265908801299915,-1.0522703441573287
3QG0z6fl,-0.3655757715950898,-0.3827390359877515,-0.3879094670023202,-0.25613665298420374,-0.6626891340954055
3WS8R9qm,-0.058917677129826096,0.2602373047065528,-0.4614533072146505,1.2489328838706943,-1.2167839435054062
3fRLm8f5,-0.09804811539889835,0.05540239082270515,0.07445685636933488,-0.1818692385088161,0.4035143014979914
3mZhp1nQ,-0.17321995418259273,-0.05322964306247924,0.13644726205120397,-0.23618586484134751,0.6563905450366577
3pikJXRL,-0.3944555721797438,-0.22675235566487106,-0.5880748010516987,0.3515962751084909,-1.0926707493588255
3pxOEGHL,-0.36968137731078654,-0.032030775652750365,-0.14364687895690206,-0.4297669906287349,0.720229307521493
3ttdV3f5,0.8924916802933552,-0.13433388732019474,0.5523599533509846,0.83282900900458,-0.9013558211241557
3v4X6Mfe,0.9664461591675606,-0.09525285698212105,0.9933056104377733,-0.31240219171639305,-0.8136050644518062
3wORuPiv,-0.42095745518214156,-0.022691773713947927,-0.33567275592880363,0.4848262111526529,-0.4637367775923968
43EfrxZj,-0.09146706187968873,0.08762292025278118,-0.1716457907302984,0.0970654847303356,0.44394044071225
457Vwm21,-0.0701250234548414,-0.053931900596572935,0.17721164800825231,-0.064094733889412,0.2514907168710926
46KNnOdx,-0.32583882790390994,-0.14027267545695732,-0.11756178678515258,-0.29026042416810593,0.17796872909444383
47TwNsVC,-0.034104286529853756,-0.03330281521691847,-0.24891842805843,0.5691684667302912,-1.072376341618173
49856RpO,-0.604312264624935,-0.34735924170648824,-0.4516714066261931,-0.250466894109449,-0.45058976706740894
4Ane1o2N,-0.3902296839496917,-0.1265671538558123,-0.17326538732648908,-0.35197061773978033,0.32718681321468757
4AyVUgSc,-0.5072891231787162,-0.48013709419105843,-0.22725184051506428,-0.45850181811048785,-0.3648067856845243
4B1951On,-0.0953447235054048,-0.1562834415126334,-0.25242637444786653,0.1247814746828255,-0.8952479949745156
4OL39Teo,-0.12572402348728234,0.18293241577993835,-0.24729590465117912,0.2285556754358007,0.5741730496532778
4eQ90eLY,-0.30131228086101514,0.0017243355156758566,-0.545067199688867,0.6514739154764904,-0.9703415694960997
4o5jwMj8,-0.07614945780503568,-0.18419963723762822,0.19008453392446636,-0.4544886532358512,0.05864711093710295
4vPgpl2c,-0.7270131360533796,-0.20754736074616098,-0.6307447028949535,-0.07650920002925732,-0.1668143765645801
51r9aA0d,-0.3463569964331077,-0.3992972039001704,-0.07260263353353988,-0.38444637956741,-0.3479054834375548
58SmeRoP,0.5604506131332383,0.0701830667525275,0.7870694338043329,-0.058355044715384885,-0.10845032126063558
5HJp1AXn,-0.41792955425738043,0.1587390414418418,-0.6854780036443977,0.703450033310665,-0.5191982111805826
5MBZW7fx,0.12268941934185523,0.04258646318847448,0.065968414067195,-0.07023201066189566,0.420698936956926
5Nq3gHaP,0.10651227663690754,0.3062752182579954,-0.19390303796680297,0.8031949709272581,-0.5703522069945175
5RmwFFK3,0.29109861684871197,0.19274598505247809,0.31914635550580717,0.38851255371601034,-0.41865628797843846
5Tu5Jbov,0.49812669162225076,-0.33054115847962445,0.13452064945047248,0.7442795048504793,-1.3263156157492935
5YEolkev,-0.18574976985652203,-0.223524600909904,0.0012794325068694878,-0.18257119621675777,-0.422805755223408
5a8sf6QV,0.14364401174973063,-0.1283942271621662,0.05588653574011171,0.21856267216616307,-0.803732062517134
5eSvmqYm,0.8591294901207617,-0.24210871014731933,0.530752004051436,0.7190596599219528,-1.1412030021679789
5hkN8fiv,-0.21660177461863972,-0.22953723935781933,-0.019110493613282847,-0.2541354752354792,-0.3153941295936431
5oK8Gti5,-0.49318902057501335,-0.04462250568522419,-0.65926360409945,0.15102457007114542,-0.20818116753784716
5paniGaU,-0.5529799087124418,-0.0710591716293042,-0.1976488679733441,-1.127202023574482,1.819666079844149
5vsr7ZUP,0.9281201225822924,-0.13065468615449316,1.3280807760687035,-0.5264578927469044,-0.09151362972266297
60B4xMWI,0.3162964029612849,0.06876842743631018,0.5856517771291553,-0.09175227867959523,0.2877003519935355
64jOUtKy,-0.181473417517809,0.14535195853962535,-0.12267200346596394,0.5433908571738659,-0.08622465733987572
6AJo4xNG,-0.15646429952877972,0.07757332336258671,-0.3124195622793835,0.5250595828411639,-0.4902995887732549
6CAvhEte,-0.5254241268016795,-0.30603909806055174,-0.6205729431133775,-0.037355620871594414,-0.7266356198164146
6CuGYjT5,1.2700707694476683,0.18918717713314892,1.191035688809705,0.13117756386443477,-0.958231404698713
6DGH8ujZ,-0.23944323271454726,-0.23670280233228735,-0.011102428156957805,-0.37975910640839494,-0.08963845109238566
6PzsGdVm,-0.33403985661391555,-0.1779763907743176,-0.14637820500504325,-0.2271614602142913,-0.07650981558534165
6UcSJMbq,0.46448914443988865,0.17991277070207656,0.6757293356773159,0.08668158680781901,0.13270804622909949
6WJbkH8U,1.2814775213480272,-0.042872582414783866,1.3230081840565202,-0.295538906113312,-0.9475793804160764
6eUWsVzw,0.5070138335806231,-0.18095320385298297,0.8272422454202789,-0.37759651875496547,-0.18279567668784358
6gNyO7Do,0.4100401772098281,-0.07219406022610209,0.3611026622239668,0.13683082256699872,-0.7147971433607576
6jT0AyHe,0.018889955291991,0.005742283362073386,0.12855162134698198,0.22642773979199626,-0.43257299891033907
6nBgCvWu,-0.15155909210303764,0.1615753510706206,0.10638131952201593,-0.10915916908101253,1.2015050249931931
6ro5mqg6,-0.03997266542837208,0.18596431343795417,0.16877169720104604,-0.30190293092533027,0.9616813813915155
6sGqObX4,0.4803841073328715,-0.39606368046415236,0.11322455920096242,0.7595859168963193,-1.5311830825918165
6uEGy0n4,1.1706513689026312,0.045088370576207626,1.3960725535855878,-0.2577299549764782,-0.6277060695984598
7BZ4LxP8,0.20287060928050282,-0.10501731285707028,0.08329515297567602,0.22575954642951054,-1.050128198973535
7CmigXKi,-0.4554918141023112,-0.3409978188601749,-0.564301767767214,-0.05069333135748802,-0.927817505162938
7Ga0LpfR,0.14217918100399274,0.4615937659938284,0.05566802875425239,0.8945920702815839,-0.24711464687819606
7PQsFvsG,-0.13775624119363172,-0.10253765506558465,0.018070222107408968,-0.13587941823274008,-0.16123757001817984
7aF7nnwn,-0.5176097893717557,-0.4439470727300566,-0.16559296414776067,-0.6934366103896239,0.137549850317497
7asGzfX9,-0.22863323011604791,0.13247689630922532,-0.31277437226827054,0.12621513964441622,0.5828240700304981
7cg7C92o,-0.017610486470109432,0.35438470961552226,-0.3465705180240939,0.9229468960156808,-0.4373471847257087
7eOxTpsB,-0.19740540083745328,0.15418379947978555,-0.09061626236597872,-0.02485568959541906,0.612119617518734
7ey0v7ma,-0.21171040081650583,-0.09679523236951793,-0.43163914783227564,0.5375925724313282,-1.1298907556256048
7gocyrYl,-0.30028514897303715,-0.02212492166731661,-0.1873344549615201,0.08453975637916589,-0.14547104997560334
7gqR3GoA,-0.2662707188358815,-0.265587798243179,0.00809633839489779,-0.41536034598731764,-0.012764908374468642
7og7aUXB,0.14234411758755305,0.11614486816337866,0.2546036737246775,0.24866806017832177,-0.24345220750872754
7onRfa8F,0.20432517666258976,0.34263778350454743,0.05114859983580433,0.39010593011429595,0.1675420907422669
7umkNuxM,-0.22770037379239083,-0.023572939838076512,-0.12541258091876514,0.06335721076621237,-0.21052952007029113
7vPr9ExD,0.07602239941804712,-0.1020779078230939,-0.02128016961072121,0.23499023181916764,-0.664831775709428
7zNjpCzu,0.6790874146400615,-0.3011996524065678,0.30960417127604223,0.774938443178101,-1.3223073615868377
7ztsQNj3,0.5819262817335199,-0.32420342559775966,0.24963270647841873,0.6434912922796792,-1.1126870901443477
86gppwMI,-0.6648586862536798,-0.2119928730957369,-0.7315112477755645,0.02594635361530348,-0.28754896610168174
88thAGdL,0.001247413593639335,-0.13710962251371106,0.3393558159576059,-0.28434572985786377,0.4431052638707472
8GhU8STP,0.6695357136768962,0.15025606797959334,0.514545616583624,0.3814074833987142,-0.8544360831765254
8NlzDcWe,-0.5555266815905759,-0.548104451845138,-0.226719197664458,-0.6252124494599531,-0.29864490803058374
8QAejdLW,0.0626862519785345,-0.12700630630375953,0.3336847436590792,-0.03155707264954111,-0.04296488846337565
8RDeFxWM,-0.08908354774466742,0.060048980383795914,0.1731562161288205,-0.559281313651304,1.1061810084764192
8UXP2NBS,-0.9184781621646838,-0.2890305757902111,-1.1672677398037943,0.3560993396626415,-1.039969234368258
8ZoV3KGT,-0.07906860304459529,-0.2160450221687552,0.2066189220830791,-0.1911310818987222,-0.08206877075423802
8ajs2uG8,-0.5743881675400475,-0.3211029978697838,-0.4409263830375003,-0.13571423410833505,-0.5954983457063558
8bXnz62p,-0.004936924083452698,0.3010416820209484,-0.2996508181650481,0.7456024485101196,-0.3650629389660432
8nO1O1LG,0.3926976134134441,0.25649835781440655,0.1396800707581478,0.65725729332926,-0.7889362466723848
8xE1p8g8,-0.889800562509103,-0.23692307910624588,-1.1750656657582879,0.576942887733412,-1.2652344027501061
8yMDVMRM,-0.6717463741192562,-0.3335453524092701,-0.5456255880385823,-0.19649997711506284,-0.46994789729234066
98R5VaPi,0.4260724301828527,0.15496080780013355,0.683273311549237,-0.026854945016005827,0.3660711651820061
9DcTz2Ua,1.018038556335016,0.12653948352479383,0.980706608519379,0.04878933006449901,-0.7423222791068909
9G7nfUrK,-0.05119796085191197,0.32645646437528464,-0.26120906418653544,0.640503950967918,-0.10137002114734722
9O6GZ1HT,0.42607243205699796,0.08244388855146567,0.6350169883792899,-0.022839099998747114,0.02488499065272154
9S7fCoAM,-0.3489925027458327,0.042172448488134395,-0.1494469308747187,0.06341798801246701,0.6638899853630928
9iQwmFJR,-0.08734227018762342,-0.14671606877300947,-0.2223598572091665,0.13204520982194176,-0.8122893059024696
A3Mt6SAQ,0.8871168671190461,0.06894639518313672,1.142139176172206,-0.34105441598697395,-0.10279180336439453
AJIsQIcV,-0.42623066206660054,-0.26861113071957965,-0.5263260493354667,0.01146727620528984,-0.7124044985374198
AMHKXMh8,0.8082633931797749,0.11387231344310644,0.9456925470683799,0.003519923746521769,-0.4958732298372305
ASwA2J4E,-0.1752442459249126,0.11641781992136158,0.03472400752526886,-0.2666470222023416,0.8374855841401181
AaFvEoHq,-0.005628885835864406,0.047218356379923665,0.14024035996647058,-0.09484760427400118,0.17849288460662194
AiIPD6hX,-0.39455375269453885,-0.05077368184974007,-0.6130975249113535,0.5345240356010104,-0.9010439294267985
AsIURvJS,0.11380256464066241,0.10541555107400125,0.19400401054425245,0.35501688533937426,-0.40262800773055274
AsvgbJ0C,0.03338017889701428,-0.07817901235235214,0.25138016796136164,-0.2849204381012176,0.03716559433768929
AxEhbkCM,-0.7069282374677162,-0.3384584370609568,-0.886333144298119,0.225561533393646,-1.0270551770960081
B7VPkIpx,-0.1901272035997908,0.035305984863341244,-0.2598413704724969,-0.022516311073180084,0.5544882827340472
BBwHqHiH,0.16295962748642068,-0.1405819845855264,0.44808017601655703,-0.04123578927903959,-0.17041361163815327
BMyps8hr,-0.24378875242502307,-0.13125568782570662,-0.4344804969907441,0.3953749069208947,-1.0821500408072742
BUHS4dQw,-0.22103793742545141,0.10728959302701135,-0.18063874387551657,0.3583000533507179,-0.1991708228190452
BZB3EYWQ,-0.21579104263354365,0.17107406617210852,-0.04703433315425862,-0.14208123571465103,0.8451743903726203
C5UPCZcL,1.1244649115615817,0.1336367485487523,1.087605029855568,-0.04696317229446215,-0.7347616331355906
C5gIfQbJ,-0.13359770782302616,-0.11767309632862377,0.05904388448617239,0.10213575755659599,-0.183133436914362
CDRuu4Pn,0.06318664155124987,0.012250230166780285,0.11282445305929456,-0.5237737023119524,0.7361144604200516
CQhTYkqE,0.3961431856412745,0.024694250138088125,0.5795885862525855,0.062397459945816136,-0.1755692203480188
CSEobMXv,-0.1860969175518568,-0.24462486891316138,-0.13513568942910803,-0.30539912703877725,0.2490746502002142
CYMQE4x0,0.5125821638538977,-0.0008283019439071504,0.4689575157487933,-0.012999087490536382,-0.5396285614261525
ChQdtl4J,-0.3734825539050848,-0.06718805139470907,-0.14931155301987595,0.021724624251626024,0.3527308849168883
ChnD1nrN,-0.6597372394563368,-0.5852484144923088,-0.38502243212441534,-0.5240861698418824,-0.5250198197715673
CvtbbIcq,0.25746906530529573,0.0975493526864808,0.2162553754264791,0.047544172800440876,0.3795358981930674
Cxk06b77,0.045064174588270944,0.2536269655056026,-0.24086324024928785,0.7565999305116611,-0.5391176974727041
D3QD3ZEJ,-0.21839932291993236,-0.07680137343581384,-0.03147876841526129,-0.25872901575850227,0.20647738793073755
D8J5C6lA,0.6494015964732305,0.19665064489291584,0.47664742525973103,0.4507513241285612,-0.808017815951229
DCeQwYfT,-0.41518836394992276,-0.136651120879152,-0.29702466841435693,0.0010870063046746203,-0.2939707095690577
DDEftkx3,-0.5975841373905197,-0.026923167707617934,-0.29676310572526465,-0.8294478884051291,1.5635446488511435
DEwCfeDW,-0.18968493636431472,0.26007137822889226,-0.49794882214141745,0.8098391002023972,-0.4265019775016708
DMkIV4oL,-0.2202845534618314,-0.0800246692568739,0.056058878705004284,-0.6033248715283328,0.8097026521512947
DnzGfbxS,-0.1963016218270135,-0.06400539115263115,-0.4027592844607393,0.5405839828739953,-1.070800671330414
DoZxo6f6,-0.4252907052458412,0.02036937660377569,-0.3240395279516013,0.002902775659040735,0.269961559726862
DvhBPGIk,-0.3321276273945659,-0.14320294229536346,-0.18646535851719045,-0.07704395909697581,-0.25222517866590566
Dx7GoUcT,-0.2228842150429602,0.12918258292518014,0.044973544909230466,-0.20547891533307294,1.2834232136627115
E5hIjohO,0.41117011514107094,0.03792450692962712,0.6359748576231602,0.20021900929784464,-0.25158639718135634
E6x4XGHt,-0.2947687526299787,-0.06886500932575579,-0.4439790490043045,0.13945147557181412,-0.44238753112611034
EDEpAzh1,-1.009379881083615,-0.20475147174052466,-1.3707771009963141,0.7850299389607436,-1.4298447166578885
ETGudkQt,-0.012075701170396247,0.24309983247873002,-0.22052722980880302,0.6078899540310974,-0.19053412147636767
EUleKrLJ,0.6985566983692999,0.21120262712847915,0.5655849566018853,0.2944638662715273,-0.632019221744647
Ehw2Jz6s,-0.7157429381983622,-0.3683876831755758,-0.5469461429713147,-0.31236934882678424,-0.403109936558083
EjqzC4zH,-0.24464478830317532,-0.01985247229417131,-0.31998063884205097,-0.097468954240846,0.46332025137030736
EkMZO3Qj,-0.1812991613595769,0.1582963240091354,-0.35147193332538706,0.4977692982776327,-0.18129009266121127
EnoNXWvU,0.48190186856540085,0.1663617444329618,0.6901032134551724,0.08516967244961093,0.07881379084323048
Epv8ANwr,-0.30481254776850797,-0.07323988526040937,-0.15688786534531804,-0.11307276011713752,-0.008040579127846947
Etro9j0B,-0.11224593037552522,0.3648438920971361,-0.5013845157065802,1.0126907852735356,-0.5431350191896498
F3MIZj76,-0.1538865384829715,-0.11077456947225561,0.05156939661181806,-0.1867649980099162,0.019311939454370597
FB8tU00K,-0.4068733667209803,-0.139639147262952,-0.2547473807209959,-0.10483422239270546,-0.16347290183369134
FLhxBGMK,0.45163054698005944,0.10218036662683394,0.6831954907660102,0.3550992236330799,-0.07670116685488793
FRreR8ka,0.9755019601552851,-0.024641101435127266,0.6075115571382048,0.8222044897544838,-0.7571116768276034
FXne4oAV,0.2852077035823779,0.1765863793528265,0.33170691074243597,0.37913672408216303,-0.38077891414212195
FaW764jk,-0.1438989355740401,0.2973664705434699,-0.4699322462283939,0.9015808904345208,-0.4883413475000185
FeAbMXly,-0.3914529671778011,-0.18902749565896804,-0.09017168287475227,-0.7055033677820548,0.685724725523505
FeudaFXn,1.5213707660956128,0.11140603070756472,1.7698913948116317,-0.42938714103580145,-0.5383618673869063
FldUmFeM,0.6835026610801593,-0.0404984049209981,1.056096865788255,-0.4974077691284762,0.2194765728850242
Fnv5tfAm,0.4978140357688795,-0.2754082697956672,0.12875760751898757,0.7884155297180224,-1.1781431303906875
FvrAd3Or,0.19241789062992098,-0.030904242299325202,0.47997129690356666,-0.23959618984129372,0.18321351183151635
G48zHffi,0.43709790861334086,0.03379608096736575,0.7263093001231661,-0.25856154577472723,0.2700828451998747
G76zCv5N,-0.25917333290517774,-0.10185049368151078,-0.054500768844676556,-0.23199319558400822,0.18132968679157846
G7JGUdNf,0.4510350796170419,-0.23988235849039985,0.44606001610495727,-0.09439193862531828,-0.9311644092690703
GCo6MONx,0.6560804274079752,0.3130214207288421,0.4346053668290233,0.623962418083293,-0.8167584353711541
GE0vbpVQ,0.10329136255900906,-0.10658437925837771,0.030901798580541096,-0.056408845381226175,-0.5844242710579526
GN0DfOqt,-0.1791037506165703,0.28749602433730037,-0.2397643247528216,0.14199519605457223,1.1025086064798484
GNsTAb1v,-0.6246128030794633,-0.05542125870302794,-0.7231611746425484,0.7492304284886933,-1.0887532625030119
GPwmO21z,-0.34917450221780033,-0.17541842644254546,-0.1859214325614926,-0.14857474169954488,-0.2267477516017622
GQYpfLoh,0.4490693373226997,0.2569235024691635,0.4848138339044692,0.4109128059705043,-0.3589691656148709
GR9knT8n,-0.14207851076389932,-0.15044616564011848,0.04727066890633161,-0.24947633916470346,-0.12518831513222595
GXtFFbZy,0.49852784448715504,0.15874831510012277,0.7116676961297961,0.014250964667894106,0.1267839668239633
GYvzvvFD,-0.6551714972340092,-0.24289738479589207,-0.7483683857875671,0.12487138991491162,-0.5550802756753013
GemPjTJ9,-0.16234666724758373,-0.012246250487679355,-0.2871684260327625,0.39343017334033537,-0.5509960860326284
GkLYRm1K,1.3542748551760146,0.03974354215892306,1.6040318009120322,-0.3893882630821337,-0.5836139053437132
GmlqP8eI,-0.7626962679984448,-0.32286098759266124,-0.9545587360941672,0.16965066321639408,-0.9963447771258367
GqkIrOvf,-0.4496750113833037,-0.0794512039321339,-0.6319677431666169,0.5149048756740213,-0.7334179396642322
H0fsegPi,-0.6045021911862956,-0.30205350593831615,-0.2990252645806527,-0.3564685807312842,0.3551520720557175
H4dHpJjU,0.5923203825628129,0.15340724682247353,0.4385348735023127,0.3315303046903697,-0.7903375158906054
H5QwJCuU,0.6582589569266333,0.33178912969500807,0.713597485755223,0.4729604584474183,-0.23320753029068364
H5uwmSZ0,-0.2706444174841207,-0.05857417799650533,0.028300329969752756,-0.21800927837115558,0.5246697624355934
H8MtbVoL,0.12264962244497979,-0.2730826803718235,0.49077091643994575,-0.39915932069305105,0.08477825341614365
H9JrUYnp,1.0266918110783019,0.032081182366916094,0.6647633225134142,0.8429745390435195,-0.6118971114998251
HHYmmHVk,-0.16569469110833657,0.04382578584296659,-0.1381545158966333,-0.49548010427908995,0.9812680971864569
HJ5U4uqL,-0.7882711310096311,-0.4235496821832979,-0.6079358112164173,-0.4151610228832281,-0.3424028621026437
HNQxYc4w,-0.2705175256325183,-0.2719332394615971,-0.01843083579405544,-0.4769318008977921,-0.07066512157690286
HQYhKHZ8,-0.8111589755484188,-0.3196400772750895,-0.9837772818575654,0.21016713535829898,-0.9552974584847187
HSCMx0MC,-0.24796787373638818,0.063517791937444,-0.022298503692670585,-0.45133205554754907,1.0443349355274292
HXYuE0fx,1.0774822762176808,0.12154959018837996,1.002287790611728,0.10507545855479392,-0.9110251202538024
HdKcxEWr,0.23847873234817873,0.383633727952868,-0.047384478878387926,0.8236029640539431,-0.3611427227584612
HecW1iCC,-0.6115126846281684,-0.17292556510522672,-0.5288305717395864,0.39544849170692875,-0.6662779253114479
HpbKB8rv,-0.3085934165049178,-0.18213615710696496,-0.50789521236361,0.3386875069675277,-1.0358457740522382
HrkoYjCg,-0.10491274412838436,0.1695659020193626,-0.06352061128521067,0.4413952824234193,-0.12591663890131488
I5P2uquT,0.001974363995307371,-0.0826463284448834,-0.1710279308236855,0.21895702692417848,-0.8603660553877177
I94qkDM7,-0.6639876472206927,-0.3680845121969939,-0.6826114328893016,-0.12398834646465232,-0.510040485102685
I9sQbtt8,-0.1427811478772516,-0.052762558634395496,-0.32995713585763586,0.412114083590863,-0.8573539413796696
IFxgw6ZX,-0.30011167496049307,-0.012348018102479208,-0.5149151063079309,0.5169672231423212,-0.7948992765313094
IPPPSyoU,-0.46955919608504626,-0.29811540467340725,-0.26708819566388464,-0.28083947748470317,-0.3009129493560444
IQOYQubU,0.6374032936701046,0.17913794321355858,0.4693415454032188,0.36059432789568646,-0.7875968908288078
IYNE2SxU,0.4029963661074,-0.43552044396033657,0.02007457704857063,0.7077407976672023,-1.5442484539863113
IZRFk9kN,-0.21771177750177279,0.11819317994098943,-0.2925883572733903,0.12515797268119266,0.5878051900667678
Iaq3v0t3,0.7243506817040894,0.0685449860541324,0.9347315832613408,-0.1962384973159037,-0.19313445005590124
IbVwu1t6,-0.3381008521872939,-0.29408732125225423,-0.10757793123045786,-0.4061171077664967,-0.18797940443714756
IcHKTLyo,0.18808300697423186,-0.21172875208331143,0.5271593350773821,-0.3148887026054641,0.027454850358127114
IpW80wVB,-0.43022524526541384,-0.3525788639865649,-0.17011144034634615,-0.5108830710622358,-0.14260189756103447
Itb0PYUV,0.665512769613662,0.2272488719812099,0.4830538249133294,0.46537489885082195,-0.8200989021595666
J8fpSwS0,-0.21797041638967718,0.20238942526383796,-0.1451424528174645,0.11419210225019816,0.5090911081334064
JE1SlbD0,0.09171088230404933,0.29470262753982024,0.04941232132368725,0.7179766537461103,-0.42616410104304514
JEB4McNb,1.152152172545908,-0.022680844905469066,1.1614794561781898,-0.1989283205735948,-0.9205613388174432
JEE4QVeQ,0.30428613826975615,-0.27299510764528334,0.6675807679416198,-0.4639345797830525,-0.11674760837237508
JJSEU2VQ,-0.4635488902260918,0.12416466390340009,-0.27411093788315033,-0.3571439611753009,1.1891008073315272
JSsVriP2,0.45213962644842964,-0.04341512847134921,0.7621860813576778,-0.32765648204439324,0.032560313040326694
JUvQNiOK,0.37539014508183133,0.07093084675838612,0.28715175362204604,0.05220384094966543,-0.3660214343751205
JZbrRtm2,0.7970548640426312,0.08397242353266432,1.090335385411575,-0.21887454194754352,0.06428443724497868
JcE9G92B,-0.26384842201887615,0.2115404929792789,-0.5709066821792026,0.8898983613178211,-0.7302534650758548
JnNYpXHr,-0.29710063953900967,0.2820863906906116,-0.38262015962821727,0.746281440490633,-0.20432240280453862
JzpbnOtz,-0.12333212728611676,0.13639161191137938,-0.022928941766180627,0.0531049066843039,0.3631257374219413
JzzUhPQp,1.2352293067104072,0.034918799715861426,1.4672299591966755,-0.3247566783973834,-0.5661944293168982
K05R8dQK,-0.28741424916454994,0.0003912040848667031,-0.17602856055998803,0.10048039172387169,-0.07684682648394825
K17pG2mG,-0.11687985018407887,-0.3216072207026902,0.2841026327286472,-0.660882680958623,0.34469432848920945
K8BellUe,0.5615985886426209,-0.11728192548409899,0.7773373525598306,-0.18250603799782938,-0.6835982277057557
KJ2eH6rr,0.4340683560351466,0.26395041497718663,0.42491564273590154,0.6746072694998619,-0.6091072189264937
KJEJ6Glk,0.14700042736932106,0.3003008083053941,0.08599630773313541,0.7724747609595206,-0.5482592505641862
KSbO0oXS,-0.26360132153981186,0.1840281507406779,-0.2568843229871475,0.7188201839028665,-0.16924803944504951
KXtvmd01,-0.25986527354959454,0.02228043917551381,-0.04870799446522575,-0.2894247648094517,0.6132092328843273
KYiJqBuJ,0.42258415607303923,-0.28614748943861457,0.796546721718011,-0.5071419699161159,-0.2086739298982242
KmbAyTcE,0.042814026791290816,0.2377751287849652,-0.03977807748457307,0.2841352061349953,0.5541937268002348
KnNyl3rV,0.5228459979052262,0.011392670796723903,0.5333768920375743,-0.28511244243296696,-0.08063483949820277
Kp2DG8TZ,-0.19086849595075345,0.06839643393688744,-0.26084771400053386,-0.04855796136228818,0.697542736228129
KqQtKWs5,-0.3627349747652371,-0.4216445273173933,-0.02265731552712344,-0.5811519307785789,-0.052961865594429725
Ku27g63R,0.7603737876067884,0.19158369813208276,0.8840608741223026,0.22199215565670105,-0.4062751987418166
L2aTVqDq,-0.35048054677199003,-0.2018530968240254,-0.1862846404127045,-0.1604030399475742,-0.30790313070828335
L5jvq6G4,-0.4672720750053747,-0.3971333309263464,-0.15006044272710348,-0.5668115945224028,0.051324629878907735
L91hYVQl,-0.47381907382072397,-0.5035751746943665,-0.16406888796814398,-0.5684313373807606,-0.28389851238016406
LINAMlbA,-0.5395290298920918,-0.07089873771779476,-0.6697528500296477,0.3180363450334216,-0.3890226533784586
LJoUNXSx,-0.23152835863008514,-0.2878643860744411,0.0019219119605564938,-0.4171943245777383,-0.1948693101429041
LLtSiyWD,-0.5380636634971281,-0.31140368561071663,-0.31959320630955435,-0.4397937465926356,-0.05249683309668696
LQJtV8kn,0.19372604562221052,-0.06652943521344767,0.43550599026740244,0.07962250291687911,-0.14206612848749067
LW9uddw7,-0.16130328981008502,-0.048401956095374454,-0.375410987571579,0.5261234238854935,-0.9871616238082854
LZ6sdBTR,0.5539578995280554,0.18566897506266644,0.625701112364031,0.1182328359506255,-0.29545206935491
La2Vhnne,-0.17183812934823783,-0.0029570685679770614,0.025233603365634537,0.17123389417435653,0.10838449366803737
LaUWSq9B,-0.0211804821689201,0.12129670056707254,-0.32460935925226253,0.965991487605991,-1.2403236087511222
Lk4SfkPQ,-0.33624034291153815,0.0993004257530562,-0.30271425130540786,0.6716654453664621,-0.46317365457561993
LllC836d,-0.05340948577025495,-0.08222169998499329,0.17823571057565138,-0.41567172642710437,0.3220866415039463
LuGiGeWN,-0.5749906047055067,-0.21153826373670392,-0.6365959567488308,0.08255109124653834,-0.38399192426567424
LzcyHcWa,-0.38146251767595096,0.03865019334475994,-0.12597684196747025,-0.538509200210953,1.1702065629768104
M7veP0H4,-0.21821216298917245,0.10737921775816817,0.008103570452604592,0.04624885545391488,0.6940252769470006
MB8aaJUc,-0.19459298554375737,-0.07703731127690949,-0.02976880292420267,-0.1811770164515658,0.12261341778609336
MDpe2zuy,0.5341288221715242,-0.4880007678733113,0.24318442727597733,0.4492360755146425,-1.2897351217759954
MEzdmEIU,-0.4122111066787877,-0.0832920772218303,-0.23697655342011067,-0.19504585891836612,0.21271174290662043
MVnhtivm,-0.4135163825891288,-0.22118512001508706,-0.23386230883676148,-0.26218107053420736,-0.14034249420509015
MYU7WDis,-0.018154578879650052,0.09822705767646256,-0.08622889932372946,-0.10707408387055395,0.6914511820519809
MZFqh6yw,0.5167370683494259,0.00017718518969755959,0.8579644485687529,-0.3579940986944321,0.3226810834060755
Mdgy4SsO,0.2993169672143292,0.22219920804480175,0.29979378643822874,0.45012097590741096,-0.4382955524051563
Mj8awnzy,0.10670055602095507,0.14783431581617068,0.01409285528014581,0.05125298603729919,0.21512048413934481
MpFPbUJy,0.7708639894062497,0.21286245559595718,0.55522649568329,0.5136885405095604,-1.0458213878498097
Mqk7MFBM,-0.08866368922115964,0.2348872607576199,-0.26066440909830946,0.4965549461616918,0.003749860742279454
Mqs2t1Eo,-0.9106804509404682,-0.12961350425437124,-1.2643746267576377,0.8378213380256181,-1.323144819922519
Mv3jFVxp,-0.46521178947084163,-0.1345575656710759,-0.29140186917270294,-0.21601669907712395,0.07719715379534775
MxODTXvA,0.4517814218707421,0.11049751496699867,0.708892133801832,0.2695945145832417,0.07405502248112306
N46PbpPM,-0.46853685375896403,-0.09989836357047921,-0.08208711524060228,-0.6965664767698969,1.386927877998502
N5S5F9Gk,-0.45808085789244934,-0.2474979102839977,-0.47391079836378425,-0.16241932438440235,-0.23384358723756377
NLDg5fqw,0.8988863048245295,0.003357065971832607,0.9345825057146111,-0.36391575082100047,-0.4262077370732947
NOho2ZiM,0.8042932868902573,0.0886010499962201,0.7190157584648711,0.19137557992857077,-0.8420820258283659
NUuY7PFU,0.574307691080663,0.18856610136006335,0.39031588688340757,0.5080474965951027,-0.8748063819511642
NV1e8AEO,-0.17186364336147397,0.3158501200934155,-0.04929545143405464,-0.04110139615126762,1.150443236537483
NZLXROKC,0.007685298101079541,-0.009684380181741115,0.19884577574619625,0.1757209600322398,-0.013194076771767094
NaJo7C6o,0.15949537974328049,0.0629566910811199,0.12228098528033682,-0.07448769926054721,0.4894373012084416
NgsyGkrO,-0.04825185653224695,0.011978885782374493,0.0432206095654524,0.2505698422486966,-0.4270836326088008
NjOx4Zpo,-0.32645441580284995,-0.0802812699436376,-0.2508244698917792,0.1206157720035832,-0.36397747027866767
NmQoI7x0,0.9375775316907176,-0.10003580014464297,0.9772740827952346,-0.35936414626842916,-0.7155967723950185
No4wkdLS,-0.6138776085674418,-0.5582768629321858,-0.3262508370089441,-0.5634535633488245,-0.4445468741001056
NouMwhOf,0.11141920494269186,-0.0193248025577758,0.24037833782940624,0.19669423101271954,-0.5525193268808509
O6YAWd8C,0.2221988281352083,-0.15001543942566908,0.5263893191397698,-0.08755519587126348,-0.16524534859703954
OAXVphSh,0.26083544702865863,-0.12464494090234424,0.3710407408823633,-0.6104311545907231,0.6136818171365714
OJBBhb6Q,-0.6084197858776332,-0.4043419592179477,-0.25756064071709983,-0.7758463661826536,0.3942654684102619
OSIQXImL,0.5584749682925552,0.020874264326876557,0.8019312135872153,0.13726776366011628,-0.3541064357023886
OUUFc5Zz,-0.3415986214262863,-0.0007206053427689652,-0.16233451071412938,-0.21338516952721553,0.49215918476142656
OVk1lquT,0.1260873939329774,0.3214570837349643,-0.1791520423091375,0.8050943058065201,-0.5332979997260079
OXdRxjzz,-0.14244520508398217,-0.2560964279605674,0.08012264263582061,-0.33617950322636636,-0.32903692993695544
OXxW2ekf,-0.1907321098543342,0.07699281853315088,-0.09320890757506525,0.15485577972208686,-0.04089011335213255
OXz5OpqR,0.05488528970128481,0.26713424327628366,-0.24005877844890988,0.7543789488606758,-0.5306273747933166
OcBFW1AX,-0.5844674832586967,-0.14900486237226562,-0.6960436401724033,0.27274181600804326,-0.48855523086884484
Of9V2rpt,0.053042838068810605,-0.1258309135666983,0.3425830452075963,-0.15471391528619827,0.09246906213508244
OfLxPhbG,-0.032447749850037066,-0.0134546422459213,-0.2170743014690537,0.2982904341385151,-0.7253113755067984
Ojx2vi48,-0.6831078116539633,-0.4115162228561766,-0.5638604154888034,-0.6150103204745365,0.563391906672658
P3M32iuT,-0.3623639809860739,-0.4937330062793478,0.018126438146291585,-0.848685320455588,0.1103615109133479
P7olVzrO,-0.7946454132298104,-0.2587546728423572,-0.678509766830006,-0.07191664203022974,-0.3096420308415482
PAPHErnv,-0.15051994592423812,-0.20949338182632105,0.08312526699250736,-0.3671308943285849,-0.06694169715648557
PBjEtfXb,-0.09134686093073485,0.073166494270683,0.09368292218029042,-0.15685812919002506,0.4200211981185686
PZGpoBBj,1.157204635170694,0.052069525971022546,1.3849042306387094,-0.24930978085813127,-0.5876123116949735
Pc2RrxXS,-0.15586535143698033,-0.20489664454236822,0.025083389205204726,-0.07292316771539076,-0.4942907427865717
PcHQ4FOu,0.6643713092817253,-0.2656379365620431,0.3271786951441704,0.6478418697137758,-0.9698709116885951
PeNyTOVN,-0.03874834792415527,0.26832883042886435,-0.2776055451002455,0.6518629822138595,-0.31685762421060165
PhUPSU53,-0.6525310078179882,-0.18865079257092188,-0.9138596545708071,0.5763585319972377,-1.2737849715737175
PmUNeV2O,-0.6084840738045485,-0.5858991003173614,-0.2862857225777058,-0.6484015911022349,-0.3947735811483637
PoDJ0uvK,0.6340301277627429,0.23691591081255858,0.7367181358814918,0.34339990789943586,-0.3431763287478572
PsUJdJdg,-0.31887492028845754,0.060403328526919764,-0.5432562699880255,0.5746718531226382,-0.680709083331166
Q3xLFx1f,-0.5168740905583475,-0.2914059766899876,-0.3940886977904692,-0.13156222913905946,-0.5900506334952418
QBGxCvdM,0.26523242441047135,-0.2138747657873027,0.22369032278933232,0.015095287730169077,-0.8760207545277445
QCEPyu6L,-0.33796223517054225,-0.1757533652321278,-0.17563307278246906,-0.12477023244381069,-0.2940538009701389
QEfwec4s,0.36368399416134567,0.0934850920784015,0.2394383284170789,0.20817273059408145,-0.5580492947159561
QZ87Nnr3,-0.3430219668175545,-0.04022705970341445,-0.07189901111910477,-0.1402875536269208,0.633644140808997
QlyGN9jv,-0.2847560969033349,-0.1060332580257427,-0.018915915608044925,-0.3939650502144181,0.49469114309825585
QqgWE1ny,0.7395223011750313,-0.16738171881739622,0.3444931792598538,0.9190091398495595,-1.148855514689277
QrjjBpZd,-0.17107044235635455,-0.22062372712859668,-0.12851869389400017,-0.3306124766644074,0.2993575256040109
QsaBiX7V,0.6086500697658425,-0.11117398747487756,0.16301561797251973,1.07337163026716,-1.1230864353679735
QtBKJuZk,-0.1169864027043026,-0.15112683059802634,-0.22591990180250332,0.06588635716207311,-0.701202578858674
QtPRO8OJ,-0.5499950983769897,-0.3896966949678241,-0.2937840021541802,-0.6518588084326633,0.023965817253113753
R8XcsFnp,-0.29864602999282575,0.26585550747322995,-0.24811386270043265,0.14676377908118887,0.6361798973178616
RROfRt9z,0.29290276792732817,0.16199309312940546,0.365542231113279,0.4533226878995049,-0.5309697890696934
RTcbiDGq,-0.4262509702063797,-0.24373905923725647,-0.25400544174371986,-0.16898082631484534,-0.31367252626089814
RVidM9g0,0.4957687714904455,0.11204692666896465,0.7940345201252877,-0.22379986754316872,0.42681494039013534
RZnQSH19,-0.5416472363036955,-0.012288010274549621,-0.3060851058208296,-0.5581039685670444,1.115117735733122
Rc4UK7fT,-0.6941954254938061,-0.10049798520028785,-0.8553215697004701,0.37555724332588847,-0.4892965286070014
RcKBKh6B,-0.30171605155878045,0.03904301768998164,-0.05528227158722907,-0.04373066121427871,0.5671823484286981
ReM5kDa5,0.06988951077084216,-0.18271434126503372,0.3693936877290206,-0.17328646538279036,0.0183642981963118
RfntsotG,-0.3378787024198062,-0.04606800017535995,-0.06727262679140342,-0.599685039641519,0.9681923787729176
RiXMlzXD,-0.30251636523520453,-0.22696906641393755,-0.14200365785301747,-0.0750137851605408,-0.4264073853132927
Rik83O3m,0.7076811574167162,-0.26190523356045897,0.34302950376296093,0.7284388463504428,-1.2106103917114366
S3PCzDzO,-0.08916247179261655,-0.007889001866672185,-0.14874286723564056,-0.08355702315384494,0.4058075231508335
S77BviOJ,0.7151394532700907,-0.2012337024072523,0.3668008939657825,0.713134000299593,-0.886467957640797
SDdvtktF,-0.4547772097474829,-0.3025337443480166,-0.3256915090000503,-0.11007570815379264,-0.649692727694456
SHs1AyfM,-0.2920844532275413,-0.1559304087629073,-0.4042375670412872,0.0463321487616519,-0.5824568264726582
SO4zQy9k,-0.184712463860365,0.08603907909895636,0.009048446611780198,-0.2645950626404292,0.7139384207864192
SOOBCoiG,-0.8943539932578985,-0.37137918822599814,-0.49897685988701823,-0.8540006772940882,0.9748057374711154
SXkkPB7A,-0.2622955250306336,0.33466574427577733,-0.23135802389398805,0.25500807032423367,0.7477818330777362
Sa93dGqq,-0.45294232858019035,0.05862512181308788,-0.6161483667373095,0.4096110967496074,-0.18672040847359922
SonIG72a,-0.28866443657324137,-0.015794046110874427,-0.057193651539695106,-0.262093925907787,0.5837860809849962
Suf6hIBc,-0.25438325043984067,0.04823721718976115,-0.023047211157258135,-0.35181550699634734,0.8281280710449692
Sx2JeSRz,0.11374495882579683,0.01108727989270164,0.3543580744738356,0.014703099852022783,0.16728444306428625
T1Tlftr4,0.03925316900175302,0.1890128046953824,0.1490069033018531,0.0492777240842317,0.36321624308961187
T7ulR4ci,-0.27456568652966507,0.03390059510890453,-0.35378394194582374,-0.018347603376266647,0.2863152019808137
TA1NB3Br,-0.1812770072013623,0.12694566245416627,0.003274485182281933,-0.1652287767879388,0.7056531580205878
TFZUskaK,0.18495076038653502,0.05465665233339967,0.344578470882131,0.3594257766584559,-0.3357111958462335
TNL8HGWZ,0.21440606978061827,-0.2838193849829599,0.5791774347983699,-0.43746665723001255,-0.03129719003829323
TZ8z1GSF,-0.5552416819517441,-0.3976519373665982,-0.32792607901951487,-0.47204169249545025,-0.22839555880296514
TqhRvkJJ,1.3659600650638672,-0.17975056886910423,1.496424551842694,-0.6847233915985167,-0.8661158155351119
TtJCUiY4,-0.23075987196754255,0.32543299343155996,-0.18326970017141495,0.2039899299072987,0.7399061780436011
TwDq0lua,0.6078374603359262,-0.14210536723458655,0.9263670710102955,-0.45352954642284504,-0.006473269303318707
Tzyf02sI,-0.5447208814297702,-0.08117369533188745,-0.275474079397953,-0.3931597351071938,0.8366291418236675
U3yI6ZS5,0.5460179582207874,0.15490018216765533,0.39575240520953137,0.3053539822689504,-0.7268972254395367
UBLnXZAN,-0.062452675870168006,-0.17231337302230576,0.19876605750383294,-0.16528091213540885,-0.023316258108934895
UBWDzleg,-0.3169970118782488,-0.19003878423342202,-0.13753098699101393,-0.14496957987751768,-0.2258141238359016
UBqkX6SY,0.9501905653976377,0.076887440066152,1.1346986899728346,-0.10817216558342224,-0.5521792927303376
UCIAi1Aj,-0.29290202932326426,-0.4011645344410958,-0.011967686658429821,-0.33436947949478557,-0.32729202371600635
UPbXGvCS,0.42852208104205314,-0.21840162898329696,0.40927981904720423,-0.030347165333036524,-0.9481223996064001
UeWm1l9F,-0.15667865491559496,-0.12885676281515746,0.028518406944738645,-0.20056312531483167,-0.12777482995301914
UhucscY7,-0.9069824727171745,-0.26959897046205594,-1.238698124259605,0.6215711517653588,-1.4677921860945797
Uri1SvHV,0.22750523976588788,-0.1334670954822902,0.15078071377119184,0.2040447468555535,-0.8745829501497451
UzxipGJS,-0.3917167824160064,-0.07667197554544158,-0.20106789313208503,-0.25169300296946817,0.30590675802142187
V74zfaAQ,0.10026830180438151,-0.16619503135427005,0.37753648299663667,-0.06279426369670316,-0.14171080440717243
VBPxBLTh,0.6641267013220931,0.14908317715183184,0.5226257261915792,0.3302610539337043,-0.7970930899772641
VLG7CXYS,-0.19935295625554073,0.10261137338691773,-0.06250447168255555,-0.012627537698649771,0.4095941932105178
VNk52SpF,0.0014894676786254557,-0.03725604877965172,-0.1940451875903657,0.4716455582679586,-1.003211404231266
VOREKsok,-0.5643301201650597,0.0465767818657532,-0.25738676870599053,-0.9445716410107137,1.9180081815705339
VRhTr5pX,-0.4611166538443401,-0.18792976528756145,-0.24328946516881064,-0.343250535200903,0.15294607871755406
VTcG4Kcw,-0.1035623421829861,0.2965720041582792,-0.07673508453335984,0.34735757815661694,0.38118633628955745
VeKiWSbS,-0.17004073204751347,0.038133499407956184,0.05299594896502072,-0.2948294846624031,0.6182335054676902
VnU8nJHU,0.8800000187046574,-0.13811831689412274,0.5304829697238904,0.8220961112979928,-0.9844816658962989
VueNCxYv,-0.23205703454726878,0.1840341325008351,-0.43652764944378863,0.494230600198192,-0.268832228412984
VxuQTRUl,0.5788662514251218,-0.2610328544379749,0.17040842775585552,0.8781516690303719,-1.3012933065185506
W5lgaocA,0.5717151882855571,0.0674860156881455,0.8592792941191495,-0.13530567541367655,0.1359859145455622
W5mMq9Ef,-0.44748677555505356,-0.14508002486404725,-0.27310732591331077,-0.21054519693883877,0.0008127589396172974
WDhNqFpS,0.03576763572037733,0.09214534647646533,0.1672385825890005,0.470756298903942,-0.17051040651878002
WE6n1kZi,-0.403871370429433,-0.261649907371018,-0.22068299150331924,-0.3182056016720023,-0.2019306214108284
WFk6r3vA,0.5875247769252062,-0.27156358550920684,0.2494416091082725,0.6576230867087043,-0.9886760339606182
WFyIrsUR,-0.2049924253477251,-0.009496876291860246,-0.07393844896644394,0.40162124680218336,-0.3068533133367137
WG6ZAsqR,-0.5790312592066202,-0.11300234654205499,-0.2987905562762061,-0.7740558248893046,1.1498644165051075
WMq3CZQk,-0.2326180055413425,-0.13530217749976503,-0.11508058957510922,-0.019674927470900716,-0.39398339035724306
WRskmGjh,0.39381147600571,-0.5706768765568793,0.11693481965524355,0.3467829107510707,-1.3030293949309621
WXijSglj,-0.7191337468634589,-0.3830669400341624,-0.6958596712512954,-0.4493306840317537,0.23797858220022156
Wc0stQgu,-0.36373396671021885,-0.25137426999194423,-0.18174479066422375,-0.22524280434591715,-0.29332280390947607
WewoSCUB,-0.5741151196542469,-0.5595957256804663,-0.21282425705597527,-0.7547956252732138,-0.12493552172184752
WuHuhHWJ,0.01475507054894365,0.15464319393667936,-0.054491998697973054,-0.04695327682093178,0.40316750589694483
Wv7EBtZb,0.6891270754456194,0.17420668419777485,0.5255712400567425,0.4671266818770974,-0.8936685772715791
WyPlxDn0,-0.20731324455039024,0.16397282796016455,-0.04583384110763397,-0.16439618677854595,0.8624057632445257
X3WqoSNN,1.3334833009521325,0.2620467891509889,1.2391981636730336,0.22942304051661686,-0.8895896415722866
XDhyP9KB,0.6012105605279953,-0.2736349862581559,0.23784862208098434,0.8175166042483686,-1.2973552504953854
XQxhDRMG,-0.4591584255705228,-0.14893880597038056,-0.5286715670460638,0.09453413397640584,-0.3539494845269116
XjLNAwxW,0.10172437454744121,0.016052397025720366,0.27599317647538435,0.31811340214116224,-0.23513673449200845
XjfVQbXd,0.646859338190195,0.07819368308635866,0.7969652248077257,-0.08038353271132292,-0.2635822854653521
Xovczbf6,-0.4984820962932166,-0.0004135228251874734,-0.18111351994031352,-0.9166664093618526,1.731982274904362
Y8H4onBf,-0.2864796102211354,-0.27002598035033376,-0.11028859432910876,-0.5585816052967254,0.791578621221015
Y8YgzSZ9,0.8005155315328079,0.28773061289745805,0.6750752681695937,0.4989820998479786,-0.6192104415949704
YC4PNV20,-0.24733850554945103,0.09768780694883428,0.02695388388709854,-0.20992609292901476,1.2053794067860693
YDHSCRdd,0.3071739721660376,0.13165355535173895,0.14292066216949872,0.29044006582455717,-0.5877097128822564
YIJ87aME,-0.22141162608762155,0.21127752035360647,-0.5016051738686891,0.7023970974342846,-0.3208370122720355
YKvT4dFv,-0.46909407680879994,-0.19419994920931072,-0.38584174784223935,-0.5571933837465006,0.868278210740588
YNebALR2,-0.6436330584184748,-0.28514340421313544,-0.7144172138996512,0.05601540731459351,-0.5936076944236333
YNrnqFyb,-0.2139770297362787,0.25743421529055643,-0.34790532763346116,0.34238091632322476,0.6585237934660688
YUZ4lR3m,-0.454259761849118,-0.06727594282496552,-0.5944485682527285,0.2367025400985132,-0.3582600965510399
YYLvjoVC,0.19885837582263122,0.03869253284922369,0.006073383627297035,0.32188376614923664,-0.8070656623063215
Yb8OtMb2,0.4521475358736897,-0.12493853083515039,0.7731351155930538,-0.2541936854891287,-0.05185344050453211
Ycg4lTYw,0.025468658682515688,-0.13499729156688767,-0.12391893353183492,0.43093962303729416,-1.071135128581294
Yfk6tekH,0.4055103076385518,0.09216678145080903,0.626184381329734,0.023432550042718825,0.05418104728539097
YoSfgmR6,0.41224091526706197,-0.36611155434515247,0.03972632173075863,0.7300322576188685,-1.3785119011186548
YpzFvexy,-0.6266643099290028,-0.41313396827174353,-0.4376472144909147,-0.3067745699305733,-0.5141296150267118
Yxqppfa3,0.4739448534305035,0.1062487752665301,0.6065012698934924,0.23424975864647735,-0.4549120088638592
Z16jTUvP,-0.2926919214326418,0.08730443983762892,-0.21497816053248694,0.16493554467818372,0.040808354005858805
Z2BdCCbJ,-0.15791706134600014,0.20038944215942278,0.030634241570870274,-0.2191489336836896,1.039595730817966
Z2JJMM6V,-0.6188831314232277,0.018639865393296096,-0.9076946331526454,0.6770429404059413,-0.7000125785420164
Z5jE1OB5,-0.39765650148088616,-0.01801775193264754,-0.26610499617707384,0.030662922195947573,0.0518017386236147
ZFsIqYxA,-0.5776757884930994,-0.19395418881317694,-0.7489209643170212,0.3445118517378072,-0.8173388082065622
ZHDVsoRh,-0.357326281034795,-0.19865588350960917,-0.21747508003287372,-0.06307170558069819,-0.43854576071883056
ZSmfu2Fc,-0.34481120087752126,-0.08600513583258318,-0.1487752876513346,-0.20560557482753916,0.18614401409313708
ZU8YXF3H,-0.4716443054471404,-0.04824246487464234,-0.19066362754143615,-0.7764838066203099,1.3087699611890284
ZXKaNy6Z,-0.26306397342518073,-0.23943973923835238,-0.36808366686096616,-0.04779624701022381,-0.7633065271840105
ZbYLo0zK,-0.0045765473709731275,-0.2713767736193441,-0.05647113017304606,-0.17499663345045272,-0.7751644921540048
ZedN8Gcn,-0.24903646470293284,-0.20721471380126422,-0.08403770289325216,-0.03655425663188261,-0.5237307434842748
ZgD4Dau6,-0.22946689229342887,-0.18581739433489763,-0.07852363114893476,-0.10987437621624796,-0.4719519561060267
Zgzf79LA,-0.6774589814560565,-0.5727766586824939,-0.3696021037506789,-0.5744181171165419,-0.3819641004440929
ZjqzxDOF,0.4570886791297022,0.1240446912017007,0.668586026698197,0.10014138363252356,0.02296195691485514
ZsZ5aDpq,0.08759800488334735,0.17124871795866892,0.10495116550019581,0.5555578806926955,-0.4720864641005166
ZtyqE7If,0.17998246886279823,0.0961119557833453,0.29324663021847575,0.3169065380697491,-0.4231450890904396
ZvUgz01f,0.03126355615233134,0.05804631992155074,0.1838133174577881,-0.124464916428495,0.29620175547965044
ZwrhgdQV,0.006531561018789045,0.06410899686411853,0.12797777936417834,0.1897763903465668,-0.1953667866935055
a7bhJGBU,0.6277024259956245,0.2139386987767301,0.47714869573029595,0.350319200633181,-0.7084044969008405
aHpv6KzP,0.9821108755378418,0.09755798228927814,0.9333097205249998,0.04053732906860838,-0.7816572845440282
aINzEBVN,-0.470444029358398,-0.470114236178245,-0.23323266720427568,-0.34164339781919173,-0.6122847162383078
aP9EtTGF,1.1630555659205672,0.045981369711818654,1.407757487350356,-0.2494331878678393,-0.5613167504281206
aV6EhtSL,0.6500414428057338,-0.3680700871339612,0.3046496883769858,0.6029583047932983,-1.3200655741149288
aVZsXKoH,1.1479839954119049,0.07973516876777398,1.3671735256645428,-0.2025907526870161,-0.5678703212517947
aYVnVJvc,0.0992672274440427,0.004581247957473278,0.3098483922996499,0.21842726365925524,-0.0264776364660807
abCzN1zx,-0.35960107850652445,-0.23336057357490014,-0.20501012329316756,-0.1267216409250942,-0.45175991515537006
ae7sMiB4,0.062281787938945676,0.13532315914906368,-0.13845581702414766,0.5303272977258815,-0.6278922306602919
afsVuCGV,-0.36667973519357533,0.0895682962898946,-0.2619962440411714,0.11864392026915693,0.22514307446754955
aiwBQETI,0.29947052365433047,-0.1780635748978302,0.25836874829568646,0.017548585427529212,-0.7586166899497269
aiyli4EI,0.6500091382244746,0.301539178447061,0.7488165553476869,0.35065538129025864,-0.1515880968394514
apJ7NmzD,0.9015545586668474,0.04069070597634006,1.1288138637719494,-0.15921172436751663,-0.45116187932170093
atVjNMtQ,-0.026488370996790245,-0.05386644504471849,-0.24444955881201946,0.5034504082126823,-1.0453138280274414
b5GirVGV,-0.5941242476650102,-0.31059516010373656,-0.32013696216224097,-0.6402522715479213,0.33760293920209783
b9SpMjNB,-0.11436136353303405,0.4501136297918339,-0.15026009000686333,0.5168490117464786,0.5952908148861364
bAFs37yy,-0.3130389213661511,0.055211996144189035,-0.0983902787389048,-0.36305928925044695,0.875456602544757
bDia1hHV,-0.04001922948530634,0.024806944051091517,0.04549267510765656,0.36146997581270757,-0.5829465825829605
bFkv5Mtr,-0.24883958346969437,-0.01875160551800603,-0.038951124245949355,0.08123468610648055,0.25468586022040507
bHe2IXgA,-0.1393716227200572,-0.08127410049287176,0.02466781491633454,0.12287843876392857,-0.1670702464701299
bWX3vUm5,0.11832611399004866,-0.05445129264561788,0.021142749887774093,0.3245772290716218,-0.6831698235023986
bat8tcGs,0.35104089308994046,0.01482107963725221,0.44402626278691426,0.26874392251834367,-0.7058936426744744
bfjej4wu,-0.4153726626697867,-0.1628045096627112,-0.5650013149697151,0.40410355367230766,-0.8190409153656177
bh04YDiP,-0.2859217902463924,-0.06229204628256968,-0.1438067705626824,-0.09351387257958343,-0.0146337318580132
c110Fdc8,-0.19435598502979579,-0.06149517879780453,0.0173793454221374,-0.2723498188258211,0.24469944803800225
c32GUzMa,-0.43492142283029933,-0.1784191407437813,-0.4785278068966947,0.0030142955348013423,-0.2079760653595078
cT6uU0B0,-0.3836596890804409,0.06715043921782271,-0.19859538268143792,-0.333128586577212,0.8009559167269011
cWXCiFwh,0.43065428634867786,-0.5027171607750911,0.08376326108254761,0.5552456475471113,-1.5491746940114157
ceNvS3yd,-0.39629284709516366,-0.22317576564806518,-0.18597283709409382,-0.34896289611754083,-0.02548799428345705
cmwdt4Av,0.9548236520733022,0.1505150935522005,0.8346358760187642,0.24227414759508245,-0.9239080884224389
cn4EHsup,-0.26232817006363307,-0.24845423070129946,-0.030134067450325402,-0.3156881069559878,-0.1961674529104822
crVOGGTT,0.15479371392965602,0.49609236064187867,-0.046890679018342096,0.6368232178006346,0.35428524496806735
csPEJ1E5,0.8548831004165015,-0.1877701440242529,0.5283536718089541,0.7590169479518174,-0.9335294625376456
d0UrRtMk,-0.25371022436644397,0.16269816035994544,-0.3039104652342923,-0.2663918898960933,0.9908247947779756
d6LU4G4I,-0.3008419868711514,-0.10514391283538604,-0.061020880375065235,-0.04809902800037036,0.2485132505436246
d74T1DVv,-0.3524360751663389,-0.09132925095315769,-0.2711279753793103,0.13343517891918433,-0.38561164127742165
dR6rM1tQ,0.38984975609486616,-0.053387031445840116,0.5587717625440656,-0.0011841133220320543,-0.62025240994113
dUNxOoqg,-0.4277113222629696,-0.19388746356621234,-0.5440170546328662,0.2583220934362891,-0.7440462309068554
dUnlyhj7,0.8644338115967831,-0.05393188923622183,0.8871928211328877,-0.33559174894016675,-0.5968534631815576
dVDlnZQ6,-0.15656112087460383,-0.18210945754312668,0.02937580547157572,0.05634940662825838,-0.3471306088627501
dVT26GDu,-0.16400584368700427,0.29364954058497594,-0.21044134094628486,0.08242177625411529,1.2145419919669718
de43ycXY,0.8119126106232986,0.16403746523902563,1.0644735337179336,-0.06407535786691754,0.055758180858134
dfIn7m9z,-0.3653782987879537,-0.14002206100042403,-0.2208188980502361,-0.12448248705270926,-0.1644974936165221
dhmb9ZY9,0.8626401439646609,0.19839850268861536,0.6721346288912373,0.37604213375408113,-1.0016676317795012
dn8kCuyf,-0.14137199662351518,-0.18174133252274804,-0.25226812802296483,-0.019462011623074843,-0.7042614547128199
dpcquvWW,-0.32018164871933896,-0.10009436880461153,-0.13375930131187783,-0.1925107068077705,0.12252908820871833
dqcbIMyr,-0.37484628842881884,-0.33071512840512096,-0.3575886961689936,-0.18896709058863784,-0.43277211562624945
drWgsBf5,-0.6970915270016063,-0.053243494888993825,-1.0230604724607935,0.8297948741859038,-1.1387525095781632
dytx0HSe,-0.6363540829343823,-0.1601989020212149,-0.30300074507912034,-0.984747765425571,1.3874949105264884
e4KkkIha,1.1392720836142771,-0.03343243300706311,1.4025105796599298,-0.444141430979593,-0.47392163134916576
e9YorH4m,0.10738893022056106,-0.09521343279137684,0.39636663543023876,-0.38835686003426617,0.1826878312529563
eB9gVQ0R,0.43383479167076855,0.6167325493472995,0.4665075532231413,0.6133987135277161,0.552849562855767
eMhLFqU6,-0.5296376312491158,-0.2618363284669426,-0.5865945794693521,0.06290716146331429,-0.5731557326765229
eMllg1qm,0.35696538348611107,0.22820279584186498,0.3910513237742672,0.4538038575386998,-0.37835477352970737
eNPunZ9i,-0.452965057104191,-0.08896340441584105,-0.5726359836800048,0.32981574148469095,-0.5050645357894548
eS5BSM4J,-0.010912916825339014,0.022786857626273638,0.03381640223504889,-0.5254557341014441,0.8006334293819826
eVGMFoOI,0.07616171870956534,-0.05203769797100943,0.35586065899300323,-0.30509094983869756,0.25157563114895654
eaIwb3rG,-0.2755612361356037,0.28798340636848396,-0.22326259421880998,0.2934635031765698,0.5430025516279302
eyzw8Vis,-0.19313794478021817,0.1775543037787869,-0.07844642944513788,-0.03800308579921552,0.6480626165595382
f04Ke2bN,-0.3249471107782749,-0.14627061162804467,-0.08148087669384882,-0.4060651452426516,0.3155008171638627
f4GA0te1,-0.3069649468099014,-0.17960493567616542,-0.07853514495402367,-0.3463751378842712,0.046052862062110345
f7bd91h5,-0.18228366147406705,0.11404632947649174,-0.23883412886166222,-0.08356483349910174,0.6100019493373192
fB7z9ndr,-0.16757864102609332,0.2675203452694953,-0.07903294222652299,0.17085055420836914,0.6919672498060487
fEe7AWFA,0.3620644965549724,0.12195432609718171,0.4431439132853112,0.44079895154544557,-0.6691501981287302
fJJIbgY9,0.6318907740404005,0.08068947274795513,0.7687664110484758,-0.09053612885916573,-0.33589439979449087
fQBURMvg,-0.17291185977746615,0.1258751762193029,0.052094695047508105,-0.39520318029503043,1.1321440975127859
fS0HpOub,-0.3232666480490818,-0.019580824909212646,-0.0931353838179125,-0.37384685740064816,0.683603302173486
fTDXauuk,0.5990361466813505,0.061826037987411486,0.8487987158915696,-0.11621691464133499,-0.04022866919644641
favPNA2N,-0.5644204288436239,0.02690542910376148,-0.7510180712302532,0.5639534626633398,-0.42937950923680185
g3Fv0U4k,-0.14533631455266494,-0.1899988462540444,0.11732525733294544,-0.12140874072198371,-0.07566289959326411
g5PKo2E2,0.6260956718397783,-0.19182857010959642,1.0025048979843263,-0.5213697417050553,-0.05136495489098958
gbjnD5fe,-0.2747406430356345,-0.027831256469747045,-0.04890122304306985,-0.4077930155812566,0.5504629559342507
ge9zqXCv,0.3509819770569056,0.08720351787596503,0.4452413334376637,0.3568505769271999,-0.5901276731990373
geeqJpSE,-0.25559150617143134,0.06149184221334192,-0.037063392778403176,-0.3263223274310705,0.813032869267408
gqy1J2RS,0.4707807296542408,-0.14976844122618094,0.7761262518185169,-0.30771210820950423,-0.13014436998314527
grlUtS3H,-0.3567048311785559,-0.18486831511325919,-0.20356924742074042,-0.14972571920782274,-0.2867217520304146
gx965KYj,-0.35974716197786627,-0.08459941840547558,-0.6102864010948077,0.6110476198150092,-1.1646117349242233
h3F08Vjm,-0.2547802664561709,-0.02586071846591309,0.08041563528336729,-0.3964128955151336,1.0118726384427215
h6FQG8Iy,-0.12434842008076119,0.3468816645411491,-0.05968756043169218,0.27158882882978475,0.7109693224193736
h7ftM8b3,1.1943404644635802,0.06157255267147976,1.4146156681520465,-0.2603815282540949,-0.5550025720034483
hLrCHXZv,0.3694316223342393,-0.17613377818963627,0.329031311687346,0.09846003338194007,-0.9143452703210504
hQ6VBuFx,0.32650231380997985,0.5819838389848201,0.35238769491584443,0.5973152265807804,0.5622354184130052
hYoR2y7w,-0.5374519380825267,-0.003169638617758541,-0.6328371354898044,0.7764061521085397,-1.0191808107757692
hf65yZkM,0.2861890185506364,0.13176195221180576,0.3671546887287864,0.2785442108923779,-0.38701012982626015
hjuwe1x4,-0.2476574302952932,-0.1194366376265591,0.011085876587721222,-0.10872131964195941,0.240169504708462
hyINlsFR,0.11875903839836166,0.40084452616100663,0.14830773907276676,0.46190739843055795,0.29250291045061483
i0Qlm9Bv,0.00793799789031624,0.16979431698960246,-0.07793629691646253,-0.022708839097631134,0.39938735466183184
i1VxfxMb,-0.13291537855337943,0.18687930143152276,-0.2405686250530883,0.009184050220526235,0.480507419700106
i2l6jXNP,-0.6972749770492577,-0.2739425975847233,-0.5232315171271888,-0.2945343376726881,-0.06070168543107146
i4FgPZv7,-0.21742833245983562,0.3859960402217083,-0.2024227163631089,0.2723761605310826,0.8818031390775634
i7XtIkSi,-0.08356841289057743,0.1320752852955549,-0.1595557019271565,0.15764594336776794,0.5220430143414299
i9z346Ut,-0.06651697971198622,0.16271467727680455,0.03578274277219354,0.04374391225910612,0.3131748958023789
iDOat4cZ,0.9565755954904858,0.13088390839810804,1.1215854522536364,-0.02002497448449425,-0.4601529407680013
iNv6RoSO,-0.23971869841102222,-0.11180362295107338,0.02669696595842444,-0.464752480346887,0.4746750495425957
iSL9NYzy,0.5992123971005987,0.15951924127444783,0.4616942508002355,0.284721090299771,-0.7004228787247853
iSqVc1r8,0.6898715513483329,0.18889059358374605,0.9151008688897778,0.05642038839162011,0.0861437723971652
iYZMftt6,-0.11056563916515172,0.07381913485233904,-0.10825384538052304,0.6498385668337368,-0.8464536085804875
ieTPaa3c,-0.20977913056346198,-0.1589103535779507,0.022880808762513,-0.392196078070004,0.18969646870825196
if7BmzU0,-0.3243590625408159,0.03753149334907002,-0.07978486924608116,-0.43700321003395937,0.9674148930240998
ihNz5bmx,-0.16803125082619186,0.0035301129090251626,-0.008812585432526027,-0.018148234403378094,0.11838314918334347
ikJXKdIN,-0.6719601149327867,-0.6390560664024943,-0.282849860479107,-0.9401652189557521,0.02367101703602137
iq2kxikN,0.3103093080196271,-0.22181460678954779,0.6593211454944147,-0.35005808499838964,-0.07649018422982035
iuZEDJK7,-0.455053865740763,-0.022011008866196113,-0.2502636285879445,-0.34226180048589283,0.6710042801065741
iyF8gVT7,-0.21057413724880192,0.33528249699288615,-0.1784124908497204,0.25940151158191416,0.6739583292582492
j06qdQ0V,-0.37977032258306753,-0.10989763147761133,-0.22470696103441742,-0.08815590554047814,-0.05773371842616237
j7hl8svO,-0.030253718249793726,0.2521599767936654,-0.016540667852711667,0.8817578131183132,-0.4021151911525724
j8hMoJUN,-0.759770249642056,-0.5333481897916446,-0.640561645108277,-0.6578243988317576,0.2858398441745768
jNaFasbV,-0.3325670052277805,-0.1974095820117595,-0.15950873567826093,-0.1266193421637678,-0.26584707999598933
jVVHeYHT,-0.291399503736364,0.06004987378385995,-0.384074931571472,0.008531482732038409,0.6317695918679744
jXm4ySvK,-0.28979280842110144,0.1872024836837528,-0.21590503383716683,0.15567705390583386,0.47490531484626536
juO5ii5l,-0.011151706265006,0.13126966036836207,-0.11417417301012778,0.01354828723827639,0.5824900059709359
k2hdEBsU,-0.06189823034380604,-0.0350622689176886,-0.045241783126393154,-0.3954351020349005,0.4937805300630258
k3ynMfhN,0.4489983880845547,0.0609944141636406,0.3812833461828722,-5.926037409856311e-05,-0.3422938402844629
k9C9yBtr,0.2600805765522418,-0.10629493972402349,0.18390109929714193,0.23661755114299107,-0.8315675874003612
kAKRvcRo,-0.20169188043565023,-0.22646765021172788,0.012782234858745545,-0.03152988769231313,-0.31090991209611246
kBi3R2oC,-0.296487749557481,0.037109128350856,-0.37324881543481814,0.10007884461842265,0.3925533175166073
kDWmnsXe,-0.09632243023564846,-0.10526473236541378,0.1741249495119154,-0.06714120082012998,0.21247441165250203
kSGBd2Vh,-0.46187316259540134,-0.07392107002868864,-0.22381877867419783,-0.39864464600805416,0.6502582512590547
kT0miHPT,-0.5175427787780635,-0.1633593487461099,-0.3037640029222277,-0.4248464114649164,0.3756936591393407
kaW0TfRn,-0.506781599915298,-0.09354497124586247,-0.5187650310431855,-0.20932000860643374,0.553001375726176
kmg3SowO,-0.2797215659465442,-0.20581983196599152,-0.07262754886920827,-0.26278341331910804,-0.15604936247818357
kpxKSlnF,0.3483699030378933,0.14885708099089612,0.23992545738833448,0.21047404937914835,-0.37921859668582386
ku2cn1MV,0.8353711943769988,-0.01695106720579387,0.8037761517921889,-0.04440061270986598,-0.819047102385263
l1su5HU9,-0.00020031095751527062,0.2775280275576216,-0.22120484418954622,0.6522019302849764,-0.2671814351210981
l8Tg2RvD,-0.2521183294960068,0.18656855016560958,-0.37067551046545644,0.17907842759019976,0.7970854914630325
lB6NsVOc,-0.8443830154326275,-0.5600978533069713,-0.37591407311753844,-1.0993761995141853,0.7253009123702432
lEcdVyKk,-0.3219552531923573,0.1573238648970411,-0.13267338634577427,-0.3361605453692893,1.199406776876735
lH4TasGl,0.19098192080824128,0.01502818858868904,0.39775392331506787,0.00816747905008186,-0.07168842753047544
lO9aggHW,-0.3453861034913961,-0.007073748471234764,-0.14307009546940716,0.10129700018697352,0.36896701035705726
lW3m9Vzu,-0.48530466683941764,-0.031872666501839286,-0.7309467340181441,0.5903016801499184,-0.905568807442152
lYLseGDP,0.858729056651589,-0.0921771131598016,0.9128927674649598,-0.46541245458006353,-0.5362085616795538
lcOnCdZi,0.014364294359140883,0.06799876522101334,0.17921028828903043,0.12919105478829818,0.0893109320213068
le9YGwON,0.03851448562125975,0.271914349832739,-0.0603346940462548,0.3446222302909496,0.5859669428509413
llMvu3TX,1.0678288231015294,-0.009513033179245567,1.3791985695050666,-0.3910106670758444,-0.35746005500171396
lnHh2jFO,0.6424696772165652,0.10139811270656429,0.9058106044475248,-0.10292305571899951,0.07043539138134713
m07CVXd4,-0.2093122439671209,0.1901869336645946,-0.08403298254149469,-0.016412079740344865,0.732332533678941
m1lPk91z,0.09166685322179857,0.13402009805037085,0.023393721940500045,-0.018184675998824257,0.3214324128785697
m9IQdmwa,-0.4848299290153135,-0.15811729372643524,-0.21815935860623378,-0.6103368906345796,0.7107193340403986
mG9BRy5x,0.7288210019342501,0.006592385756019337,0.28284090003123663,1.0601272021487667,-0.8135698164332421
mVHXnama,-0.3795225551931818,-0.42819137585722744,-0.1076764428674035,-0.39238487914545184,-0.4410159982153141
mXyrR6nU,-0.3026579518771615,-0.2469806257032211,-0.3346802717692674,-0.2033674503919616,-0.3749861334603896
mbzNdxNc,-0.2777334277133243,-0.0984565325231076,-0.13082113238394985,-0.008436008481716772,-0.21863682264340945
mntH7g3L,0.7352192760590752,0.16026334829568178,0.9884101320357425,-0.06382972465576375,0.1339244544174869
msRTXP3H,-0.47456240932810134,0.005862045529793414,-0.40652249985701894,0.11379905537050838,0.051435735954283746
mxBjvIPR,-0.3075926329020717,-0.16357021931826632,-0.09452219202301013,-0.2903810233262014,0.04790984316142677
n8Opmfbz,0.38239974006358435,-0.029543456035437177,0.6524565926539411,-0.21739485852182416,0.09065652162846338
nOkgU29Q,-0.19698201503348622,-0.06914848846120236,-0.3140044188098259,0.3787012534073808,-0.666794697700003
nhttf7VM,0.09964391069395173,0.2619508121005386,-0.1819249988101277,0.7420489471689886,-0.5607510193049947
njLbXYa3,-0.378183772667708,-0.28626931316229964,-0.18534613280824772,-0.2295719259590201,-0.3929481504890715
nwkIpzmh,0.37810653903179453,0.04310333047481252,0.3610798720595789,-0.16866135766207258,0.36585595862367776
nzB1R9Zg,0.5034411041040363,0.041687095216671355,0.7852554155912107,-0.23825452479086118,0.16441699322495573
o1rZRI84,-1.0436323477843197,-0.3099606190660954,-1.3509339806450618,0.5622239580838104,-1.3950031063307033
o7q5Mbty,0.3471101921722486,0.12523141357464718,0.4598784546767767,0.30345767270303936,-0.4705637761719693
oCBvysqB,0.3569885082286929,-0.48420439033322354,-0.003761510607605212,0.6472883093475392,-1.5732283971729375
oDmycTPH,-0.8368475100688944,-0.6596060557534426,-0.43157168828940917,-1.066973542946322,0.2356625011653929
oFAXZvQv,0.4843749114466728,-0.3992564871301642,0.19323442056404372,0.4822071640165473,-1.0061604013265277
oHE3M1zX,-0.365740779934868,-0.05202376394875807,-0.22703729241253853,-0.0008086144887275992,0.012691041989406515
oMhVmSpV,0.3914167860683372,-0.4942990146201029,0.10478427860138617,0.4164426013677005,-1.223467047300036
oNsDqVbi,0.4934816323224651,0.09509765167888429,0.6251011785892733,-0.02185489379825345,-0.25446854671034835
oYAJqQk8,-0.6473482168358071,-0.6285068086269504,-0.2970372733492306,-0.7928571244098555,-0.29564417280171695
ob5Kb6dW,-0.3478254843004138,0.09145868973348303,-0.09292675072633313,-0.6059714466560906,1.3999546297570116
obnzqs79,-0.2988332942216356,-0.4395716736097376,0.035622911473768754,-0.5366701899807969,-0.24693722978428645
oncLcgRP,-0.45739493602350834,-0.22371436040855175,-0.2878878696754723,-0.2727212587813015,-0.128495439954595
ooWVYaAe,-0.11769044904933801,-0.17217551446683343,0.08028542342157077,0.020779353694283964,-0.27365915482153325
osdyOUnV,-0.4096300610406933,-0.10407710957688832,-0.5087947137116109,0.25309570290826144,-0.40266077022947705
p7H9CzCv,-0.1581100006825964,-0.06430022619665188,-0.284480498132343,0.37645572623998635,-0.7023049840745388
p7U9hVhY,-0.1661419281172405,0.07492239310791393,0.05408581557651074,-0.3304075270604634,0.8774366695140883
pE6Cf1RV,-0.10684893645303672,0.3478619086223277,-0.09137792447218038,0.3706665671898479,0.5190152004566
pI7qzotI,-0.07788879217515343,-0.04724775890839161,0.17079415712039228,0.015952077844231694,0.23547091304353074
pJrIA4sk,-0.5240677064713384,-0.31536166610371474,-0.31253323499044483,-0.37900212343082895,-0.1677758761289122
pXne2CLZ,-0.23175009395543805,-0.09437605984102526,-0.27718144948137935,0.014758864346150702,0.21874824289172928
pZMcDIOS,-0.5149690587642435,-0.15567150190176282,-0.2733233703269906,-0.5060322122654877,0.5508860845243992
pavfp3cc,0.05110874335813009,-0.19087982492738098,0.3101556233160797,-0.08354581313400034,-0.2955011140762184
pbQdC5L3,-0.163025998647097,-0.1614851702439586,0.17920163101441458,-0.33065944647774903,0.4772376745470671
pgj7aAFP,-0.37064729671417457,0.0868237483671499,-0.393204774753968,-0.16297791913652437,0.9618031794171111
pxg8G3ed,0.11452333872769405,0.3832319159595682,0.17040235147257812,0.38056386756078586,0.3597291573264563
q36Npk6l,-0.6244599178174104,-0.5091336605762379,-0.2843359109025012,-0.7446979614892331,0.0004211363211353847
q4aDOVvq,0.2978973103722431,-0.024441666427050923,0.5108902442630417,-0.017593392996965163,-0.1546584243187501
qGmfR9CN,-0.45549392327615923,-0.09644803268084123,-0.611410855310065,0.4166723372771952,-0.6703820296226095
qJ51ODpA,-0.252144829881189,-0.1569112103011704,-0.05429384952677971,-0.26378862337197573,-0.00875306021575284
qQX3cs3I,0.10404880726676691,0.22349678663690054,-0.17549538183734037,0.6576707901064345,-0.5937034010501454
qXeIxPb8,-0.3136033359717967,0.11799365052541899,-0.13360129075239532,-0.23959909954280123,0.860612129694301
qYQ4MShM,0.12779994410095363,0.12172726939099998,0.25881420974019076,0.49187998020715384,-0.26351944660986815
qa0etnhK,0.0735575605849732,0.10130499722968944,-0.16462917322755666,0.8372827862221324,-1.11717453269614
qbL4sboq,-0.27678214131890977,0.20807906717007507,-0.5956646848424361,0.7814028918139289,-0.5287038016380627
qbYrsWHq,0.4162349344733294,0.08621922102441493,0.6601732446097125,-0.007702708516352574,0.14162433918340211
r1zmcUqQ,0.4590954324151575,0.15228490459267385,0.5561389838210344,0.11801158963740077,-0.23191451806004515
r54iHeQC,-0.308985822821342,-0.034637563726281906,-0.05658811348244727,-0.4435287294735262,0.7499866267073649
r6xrAnQV,0.6356201205296044,-0.038239485376503235,1.0566670112574301,-0.627511225886946,0.5517841851191759
r9HxnQDg,0.14026398504255733,0.16355246303137483,0.010040230821476426,0.21155261103468034,-0.020482273117952532
rG8Puuf9,0.5068233328016007,0.21030241370461156,0.2971978120621779,0.4689769566359887,-0.7630199432198945
rGuiefuR,-0.26848593754162664,-0.10937922821102253,-0.1268367435784625,-0.009485360345904414,-0.24225595972415004
rJ19OhGP,-0.40595065453119217,0.18005298207710008,-0.2087749163411112,-0.38470748674618216,1.4186477726275342
rOCYepHd,0.2582922389564541,0.01590583949304092,0.23245465886723649,-0.19020882436752418,0.33800328294535203
rQJaOPFI,-0.062439678729615755,-0.07372043588013488,0.2008442655954609,-0.015201006250053384,0.2071598599551513
rQhZtZeh,0.09717919771176842,0.17776902360490088,0.2239074304456186,0.023768960959429375,0.34459825054644244
rapmok0w,-0.3369697166886745,-0.1779149901533993,-0.1778554392035103,-0.20476855314945563,-0.09074857306791106
rgzfnPVu,-0.062157199148826836,-0.0063290340791897215,-0.09799679710773335,-0.11967965744645692,0.5007281946081736
ri4qhb1S,-0.3894430383041825,-0.293421954767057,-0.48822478393096724,0.0044057000814720915,-0.8119635609859372
rqpFYzff,0.6136875356076069,-0.13626353052350265,0.20656444326090262,0.8277243248392185,-0.8376471729042043
rrs22coX,-0.3856871266792987,0.02988560301050147,-0.09564010687641109,-0.2403280593592887,1.0280238011802194
sEeUCQLc,-0.5200851467643521,0.025022563497196226,-0.3696171258707366,-0.23769948457239476,0.7007210510792388
sHScwqQl,-0.1844796534697517,0.19664442817107453,-0.051386705219508694,-0.07875793129084308,0.7888968444908928
sNC7DiAt,-0.31146731311462417,0.059141391356624884,-0.0568267913188246,-0.17519962690024848,1.044471472734962
sNK2TSs3,-0.44362522556525374,0.11021546293259954,-0.19810717552524867,-0.13478786268234022,1.1270374380955874
sO7Su6uw,-0.12246623800424716,-0.3045574595818338,-0.10271456066598916,-0.2111300066592832,-0.5747163424099815
sOWZx89o,-0.44128112383338713,-0.05496398580730044,-0.21399584026067872,-0.5012733292735803,0.7550272060976155
sPbRcPjC,0.0999892531593134,0.14376112487310178,0.19787207874827864,0.32517472523096824,-0.24269337799644353
scVUfTKI,-0.06456646398002008,0.07375728081483646,0.052156304117474094,0.2810034609348928,0.09536309272372301
seRaGeVv,-0.199337643755499,0.00800897502603204,-0.3852349156698913,0.3359164473243106,-0.5199422505078966
sgtwiYWi,-0.5846417599696667,-0.3367574611459746,-0.4005843607906179,-0.3046125864982985,-0.3793641262320707
sjmLHcT6,-0.3060640011946729,-0.3909010711815427,0.05356122893931595,-0.6839480710854979,0.18263806516034353
skZUZZGS,-0.33053152633250815,0.0024839428150075227,-0.11821758180612449,0.08028359275466745,0.47445923835161574
suAmzADX,0.18717492941496694,0.5437255723677757,-0.20743621885374375,1.3463933197399882,-0.7714982981113625
t4GWLqlO,1.076639891208331,-0.14894279357894347,1.1544900791357962,-0.5173131769495809,-0.7763578955826917
t7gy6Jyy,0.1478499860860525,-0.43181376586344034,0.5301460020519572,-0.6736174258337575,-0.3577900002254892
tBadzH60,0.9237879190550944,-0.0040559478930600745,1.1818818275489673,-0.25136566141226213,-0.4497711749585185
tXUWm0hp,-0.1591138617842187,-0.09474663619701185,0.009491092112966532,-0.1770025666000472,-0.08199318530651101
te6UPPxf,0.4856814018782246,-0.4358063988701965,0.15102117662676284,0.6120691878421551,-1.4013498508579185
ti2lamkL,0.3073994122981247,0.06467094130278284,0.2709480133678168,-0.14786264410789762,0.37940742289428936
tr0lpwuU,-0.05086648243666314,0.25741441246521723,-0.45342673443372417,1.2207053755406263,-1.2125282267835797
ttdB5C73,-0.2379724868779145,-0.06427228876947544,-0.4065544010935025,0.2714674317905912,-0.6528408702746289
twS8YZu9,-1.0905742412564892,-0.501428773227998,-0.9630234886052291,-0.23137367454809432,-0.6652771300681324
tx68W34H,-0.25588259396539126,-0.0691306810583564,-0.12553373126747466,0.04053443333340789,-0.20190991861881824
tyQSX4mY,0.04648844347892295,-0.02287361847131053,0.020882094025229225,-0.2621032178736131,0.4932221526939146
tylKCRc0,-0.364228024093451,-0.0853958624012453,-0.18324888140869852,-0.22317944014646152,0.21001254865450703
u1544WUo,-0.3804259765923983,-0.321945915779252,-0.4812706532890585,-0.049534666620006745,-0.9198659526009609
uAw9an0d,0.35471825155347547,-0.003695125911554187,0.17988865623713735,0.2247287975093046,-0.9554583258078033
uLZAEXMG,1.0626088193696337,0.1104202732410845,1.2538266174836388,-0.08422230369995054,-0.5309945798505148
uMwe1s7I,-0.2955300778731247,-0.04819555448110335,-0.5210696519238882,0.6498781952793187,-1.0095251549521642
ufhGeV3q,-0.6749857593614756,-0.3397471497252006,-0.38000004064208015,-0.3365765078492713,0.2523041392453378
uhAeGBHo,-0.0779893667950664,-0.10181149950724355,-0.1783668761241517,0.29747575353017464,-0.7494761688325124
ujHNlqpw,0.6876205545046892,0.12993137192935145,0.7921149668351155,0.04533558641388602,-0.43659146128500115
ulV6kuhB,-0.3860371147976731,0.023610668483974417,-0.18542490358076355,-0.23262070485790787,0.6270667700939165
uohEnNEK,-0.13780201870643993,-0.20777640649462426,0.09463000976059824,-0.1189761715817863,-0.19427942324628322
v1lhA8I4,-0.6163511593321231,-0.1768793212422649,-0.2144150087571209,-0.83782440275186,1.4263743704535592
v3JzigLI,-0.35280703620051673,-0.29689849330883566,-0.19322938165472925,-0.5338513255692008,0.6593563789767625
v5IwjyIg,-0.8657751815690045,-0.16309971973084714,-1.2082403643352617,0.7547626461953749,-1.2921471275615366
v6lp5TK1,0.23412132444608247,0.09816134033756196,0.18651160495346653,-0.12578204118992356,0.1965832678460926
v8vOaaWq,-0.2703533513061016,-0.14104687109425573,-0.05177065359204722,-0.3506070237140606,0.16165379493059684
vAYKtoil,-0.48485531347964916,0.05502089295118762,-0.5103545184071575,0.7962515947696678,-0.6504923948115957
vGTNQa6G,0.2962583547541038,0.05048910123371486,0.23403514547595772,0.015752235973645917,-0.34795884608182587
vQzNxHoL,0.6054123301490374,-0.47591817328837455,0.29096661359319476,0.604745516691231,-1.6099175493670463
vfZGBUJm,-0.27830400241064224,-0.07785769607507731,-0.1550924004423477,0.06957974767887531,-0.2101959663822005
vlooVUoT,-0.22167204475655122,0.03949931160991693,-0.38786389650568887,0.5710121922552616,-0.5998367693502873
vrACvd4O,-0.2411371782994154,-0.20618929447459478,-0.07897601600716284,-0.04513614956155898,-0.50330464023433
w8hdjLwb,-0.07533813029632075,-0.04529709313684338,-0.15932032588387934,-0.023634617308314648,-0.27152519013354276
wAntv4gH,0.38177373543754745,0.1440291960435861,0.6087935024599141,0.05038960629510325,0.20700369998047263
wIUL09q0,-0.5123293758022993,-0.5647005427205282,-0.15624699613025703,-0.7274774591714648,-0.22471129652319444
wOzx7Fgz,-0.2502637922100983,-0.17245807927884338,-0.04878420629604438,-0.17282167122407488,-0.1683626757820229
wPhjhCJQ,-0.31651211080529507,0.14866283016144888,-0.0569013040727355,-0.6145294906958374,1.6071206537472056
wQSWWmYB,-0.5410917003273599,-0.31470745711907566,-0.621566249751685,-0.04824647203290103,-0.7097063392418625
wdIMrXwy,0.9431668478534321,0.01852487765979116,1.1989304069598379,-0.22758026297552547,-0.423493199085749
wiL9npQc,-0.19253167238391633,0.005873133605176162,0.020444022208337104,-0.3816292634721714,0.64929168112413
wnU95Cxn,1.2461716662085032,0.021891583512012036,1.4967618114078183,-0.41943914085289613,-0.4629546632246867
wpJbbjJs,0.13732263350673657,0.24761596503157424,-0.14432130504559848,0.7254428346430672,-0.6273468785061338
wsOWTAbI,-0.0035415204791000576,0.007627819716581885,0.13966867679568853,0.10468402030269663,-0.24205176158110764
wtdBcU3U,-0.39536483237542086,-0.4238262479886087,-0.11005895056809464,-0.4714661326691689,-0.2781836213157388
wuKXVxOc,-0.5285602611079283,-0.27127042485919917,-0.5421247071612203,-0.14794859673622088,-0.32828314869677605
wyzadAt8,-0.5856569395786417,-0.027161555685735306,-0.31754571734139225,-0.741800103505053,1.2845845217862442
wzaKzYwi,0.11773987857248636,-0.3095378603596465,0.5690202908172523,-0.7054238588670432,0.32054901420968696
x6GCk4EV,-0.316929629984549,-0.0031221105371269653,-0.09265095744481996,-0.30941389383841944,0.5986474354971933
x6lUi3vf,0.16907215876277304,0.014439492279990751,0.26284695880819453,0.23956535196091489,-0.5479365760891243
x8mwDHv9,-0.25954126081169493,-0.10239014484346554,-0.032445754862277826,-0.30514616887976187,0.29237037386646236
xIYm6puH,0.20709865974886865,0.21417637734748884,0.20962927864494876,0.49576947347408806,-0.4556642769296039
xO6UdpsK,0.39404673563007053,0.1378973294018716,0.47309062990862505,0.23355672963081497,-0.39096435765469206
xQ2bkOvj,-0.29429546443498916,-0.14487012909928332,-0.32163260788070236,-0.03200700332192952,0.18299937557752083
xeXyDCEQ,0.65567285816297,0.15585114135236589,0.5115555861550376,0.337859872047813,-0.846175257831844
xrggHziO,0.14150334372000328,-0.024039705528533184,0.044361056856315306,0.17330000131959797,-0.6172149529309856
y1WMCmqQ,-0.6022252493257274,-0.2334989014058323,-0.7663906144995167,0.16858514436847158,-0.764407694638118
yDngezhM,-0.3968938360893661,-0.5910648366050734,-0.047405116063640146,-0.7221287564032486,-0.41976193879815504
yLiFjMD0,0.06889018479943942,0.4229942930197208,-0.11607670920004343,0.5608197844414695,0.3030534731771384
ySwEBO7w,0.6290209650832407,-0.27627483453625773,0.26289627097536816,0.7808249304077499,-1.2356078459381097
ydC9UsSm,-0.23538271847622694,-0.15084495620887706,-0.02505722612045666,-0.33458008556569885,0.04571966706215247
ydEG4VBd,-0.3623420782220812,-0.17950032744561206,-0.5044663011318586,0.11733819625991734,-0.7229713426638662
yf76yWXc,0.35300254402806286,0.12960053225296997,0.542361112452099,0.10395647559347787,0.10356839933885209
yg70e63n,-0.07436257689920334,0.18346221851279132,-0.32234500685160916,0.6913285289376914,-0.6307877242849753
ywxtlSKv,-0.7358661103254502,-0.1403989637285269,-1.0403329481154813,0.6131696671283882,-1.2140312081675437
yzKPQPOR,-0.34531056575536834,-0.08470907933971261,-0.5666189910995596,0.6621057374583486,-1.0782188294623756
z5cnOnZ1,-0.3566508477757848,-0.3234898298979153,-0.16043469292016674,-0.21229791925337604,-0.5294080000291715
zFLkOE0e,0.24903156211436062,-0.05968162715159886,0.4978936519772078,0.008416127644176319,-0.08362272772406076
zGi72mxL,0.019986113018728435,0.002257492387814808,0.08484157569131792,0.4457282745712363,-0.8124659638859983
zN925UV3,-0.45884700575585535,-0.1114426538034875,-0.6360476871573699,0.48367129021708477,-0.7673018700093799
zTy2ih7e,-0.6772870187887468,-0.3699832280938492,-0.6932445194767147,-0.16677591290240915,-0.4545467451243525
zVFzAutw,-0.08451409432428125,0.33746409913812403,-0.3025305135961187,0.647107977659942,-0.0590270100130032
zYxNAkht,-0.6041105297747529,-0.5061054758180176,-0.24117420549423205,-0.7715489962184017,0.09364073484340785
zaWDBai3,-0.21560988893567146,0.33130791531578485,-0.1999809794870326,0.3349728301073154,0.5139978151263327
zg3u0Zsx,-0.10268958482278562,0.22067663853008446,-0.19758002241084283,0.219553678157268,0.7297438433046133
zlwLfdsS,-0.18559078422088526,-0.0042595228229872495,-0.03085027467647037,0.2704139139693471,-0.13886758254589904
zmbKzVfl,-0.1768463735495187,-0.17868160706038194,-0.21520901128836845,-0.0005687608277043232,-0.4924699716229593
